168

0 1 Infinity
0 33 Infinity
0 42 Infinity
0 69 Infinity
0 94 Infinity
0 105 Infinity
0 124 Infinity
0 136 Infinity
0 142 Infinity
0 154 Infinity
1 2 0.5115467375325531
2 3 0.4849933945524809
3 4 0.21481938810739878
3 125 0.21481938810739878
4 5 0.2669770979915913
5 6 0.22092476949735504
6 7 0.025150188118284397
7 8 0.029045816851503977
7 18 0.023585484563634396
7 58 0.018411457506392816
7 73 0.022135560992608078
7 122 0.018411457506392816
7 130 0.018411457506392816
7 115 0.022201219195187492
7 141 0.03293676273720146
7 104 0.019445562598770644
7 162 0.023722039609940074
8 9 0.12000925106660706
8 23 0.07575336265281946
8 71 0.07575336265281946
8 80 0.07575336265281946
8 104 0.044154925108548404
9 10 0.10456939241172888
9 43 0.09489605094720577
9 79 0.4846096030121833
9 62 0.09048058564056802
9 159 0.08047774677721663
10 11 0.05539029732098591
11 12 0.026233424495124846
12 13 0.006843815313542082
12 98 0.04104808210264493
13 14 0.0034962630730346633
14 15 0.03551192193100863
14 34 0.04114077858430577
14 48 0.06167535614315319
14 24 0.02251776766208242
14 85 0.06060341243518954
14 152 0.03551192193100863
15 16 1.4896974577451751
16 17 0.0862929558262307
17 7 0.012211796535189839
18 19 0.15796908021869982
19 20 0.1339937424558884
20 21 0.147553857184952
21 22 0.8060819412797215
22 8 0.06781086757363881
22 112 0.14356383776769607
23 24 2.6546676795982838
24 25 0.2888266844604247
24 29 0.07840714041387913
24 72 0.2888266844604247
24 96 0.2888266844604247
25 26 0.2534320880758605
26 27 0.08566305498422178
27 28 0.11923706821313462
28 29 0.2669001802835999
29 30 0.19599360105381622
29 36 0.03882484038024742
30 31 0.08036083593642986
31 32 0.02606161420013546
31 7 0.017467598883803406
33 13 0.013445520617014461
34 35 0.19634596388691544
34 102 0.10904082390164513
34 126 0.12792780071015097
34 138 0.6575287909704631
35 24 0.11302505095140754
36 37 0.09034677533224149
36 157 0.09034677533224149
37 38 0.8266441725163743
38 39 0.4350921669053239
39 40 0.2092039729905866
40 41 0.10406419391340672
41 32 0.08635471862128477
41 55 0.28030122734089763
42 9 0.8720983805515443
43 44 0.25366401474226813
44 45 1.1548009620188078
45 46 0.28783860506597914
46 47 0.3023866110590396
46 137 0.2250574505203974
47 12 0.11995902962891404
48 49 0.44603407885449925
49 50 1.052970331622368
49 70 0.4873587344399549
50 51 0.9961536178746483
51 52 0.3343296944566486
52 53 0.3022116263502278
53 54 0.3681061810681594
54 41 0.18250814221291042
55 56 0.11863684617091469
56 57 0.10974058812654941
56 146 0.09518002687048385
57 7 0.024437811864915313
58 59 0.2195777750751564
59 60 0.23079948030946176
59 149 0.23079948030946176
60 61 0.29314738614052416
61 62 0.09971464290447313
62 63 0.16869427157224845
62 114 0.1495772443567059
63 64 0.37864006761856317
64 65 0.22773289625025897
64 111 0.12174671952678631
65 66 0.40692220405561647
66 67 0.5125860095296529
67 68 0.18511078579101428
68 32 0.058230517663062906
69 70 0.3527246156470785
70 8 0.07783536233293338
70 78 0.2594335575383394
71 10 0.23843770101793482
72 17 0.0861047863212153
73 74 0.12301175153183945
74 75 0.17220387250196087
75 76 0.2854743144577307
76 77 0.6542592751618582
77 49 0.3376419984095909
78 9 0.13211112975530467
79 8 0.1801054763980743
80 81 4.4763443850089075
81 82 0.4472222716117234
82 83 0.12081776916342948
83 84 0.09145932903237192
84 13 0.04868581814602182
85 86 0.3379753822511196
86 87 0.3083930455691326
87 88 0.6969257646246736
88 89 0.48149945298474384
89 90 0.4155917833886612
90 91 0.36486956015087685
91 92 0.14970517219989252
92 93 0.09102538155092338
93 32 0.040553910744859936
94 95 0.551413455317259
95 13 0.07985310407340009
96 97 0.271319411668409
97 12 0.06182011520836425
98 99 0.09797446129629864
99 100 0.0765059465828344
100 101 0.07818201325159432
101 34 1.9558746348897802
102 103 0.13275362814552974
103 8 0.07532451792417043
104 32 0.030017531760634264
104 148 0.12114514233141097
105 106 0.9957261758822917
106 107 0.27084882559921375
107 108 0.20621041216887612
108 109 0.43106551784119146
109 110 0.504397157047051
110 111 0.132372002288871
111 22 0.145035937321404
111 118 0.13963431500576698
111 131 0.2387949139828395
112 113 0.23229375237562935
113 9 0.9580997299502959
114 115 0.09044547457806197
115 116 0.0795017076034934
115 123 0.10532867596661186
115 135 0.03556595600057421
115 143 0.03556595600057421
115 164 0.08483760293427216
116 117 0.5861049916563809
117 111 0.24034186980619
118 119 0.393180747773192
119 120 0.18689539070527136
120 121 0.09853545215009821
121 7 0.024422039401366235
122 115 0.057102273939574136
123 32 0.38620427101478516
124 3 0.3660535662277275
125 34 0.3617262974856431
126 127 0.17141561551345144
127 128 0.31451071059486874
128 129 0.051126352147449185
129 7 0.013503846173767958
129 139 0.16742524243308343
130 64 0.48947184330488513
131 132 0.835990872911043
132 133 0.06406860979797754
133 134 0.06587990144796549
134 31 0.08665026585678857
135 32 0.08173793430208792
136 46 0.27753000394823807
137 34 0.2570013593018577
138 129 0.05340057518404421
139 140 0.11112332799209948
140 7 0.020036836122173232
141 32 0.07620696931604987
142 115 0.09237085078911239
143 144 0.4353494082787214
144 145 0.3946634408870172
145 56 0.08316504217569004
146 147 0.18862995513072522
147 7 0.02970661581732176
148 59 0.22289219163352164
149 150 0.2682463436855435
150 151 0.18538436542277453
151 11 0.24104962958984727
152 153 0.1902215111090146
153 32 0.029499276995457246
154 155 0.4402171525996882
155 156 0.23108934154748095
156 24 0.12406349567124979
157 158 0.1499708956895661
158 9 0.04890155552076798
159 160 0.18766804396845174
160 161 0.8436411845313802
161 129 0.05237923179636744
162 163 0.18960450779695828
163 115 0.05606543015590362
164 165 0.6327857325718285
165 166 0.2273631868978305
166 167 0.13209885108142166
167 32 0.07119957978848446
